{
  "advancedEditorSelectedIdentifier" : "ProjectBrowser",
  "openSceneRelativePaths" : [
    "Pin.usda",
    "Earth.usda"
  ],
  "recentIdentifiers" : {
    "077A8683-78C5-4103-8741-F77CC778AF61" : [

    ],
    "0BF0F1EF-62A3-4D2D-ADF0-B76A0CC871B8" : [

    ],
    "1E00A6D3-B2AD-456A-8952-2F8A7F4D726E" : [

    ],
    "50140C1A-33D9-489A-AA6C-AA2A6A0BB7E2" : [

    ],
    "5B6DC157-54B8-419E-A4DD-438EA55C5EE0" : [

    ],
    "6781A672-B455-4366-BC1E-B582C9EC0AE8" : [

    ],
    "6BB4602C-B43F-424C-B86F-7D40B9A712DD" : [

    ],
    "AB018910-E0C6-4E1D-83F1-0DA9FE308C11" : [

    ],
    "D66134B1-3681-4A8E-AFE5-29F257229F3B" : [

    ],
    "F30EE9C3-3CEB-4529-93EF-9F79FE64B843" : [

    ]
  },
  "sceneCameraHistory" : {
    "077A8683-78C5-4103-8741-F77CC778AF61" : [
      {
        "date" : 775079337.99889,
        "title" : "Untitled",
        "transform" : [
          0.9992041,
          -9.099281e-09,
          -0.03988736,
          0,
          0.008654818,
          0.97617584,
          0.21680811,
          0,
          0.03893706,
          -0.21698087,
          0.975399,
          0,
          0.015368292,
          0.11503975,
          0.07038979,
          1
        ]
      },
      {
        "date" : 775079241.523291,
        "title" : "Untitled",
        "transform" : [
          0.9992041,
          -9.099281e-09,
          -0.03988736,
          0,
          0.008654818,
          0.97617584,
          0.21680811,
          0,
          0.03893706,
          -0.21698087,
          0.975399,
          0,
          -0.00986914,
          0.12070526,
          0.45393264,
          1
        ]
      },
      {
        "date" : 775079239.367753,
        "title" : "Untitled",
        "transform" : [
          0.9967113,
          -8.880429e-09,
          -0.0810344,
          0,
          -0.080975235,
          0.03819851,
          -0.99598384,
          0,
          0.0030953914,
          0.9992702,
          0.03807297,
          0,
          -0.034909792,
          0.5578258,
          -0.0836394,
          1
        ]
      },
      {
        "date" : 775009275.442008,
        "title" : "Untitled",
        "transform" : [
          0.99608195,
          -3.6226417e-09,
          -0.08843449,
          0,
          0.033619687,
          0.9249187,
          0.3786753,
          0,
          0.0817947,
          -0.38016483,
          0.9212948,
          0,
          0.011758159,
          0.043513432,
          0.44939485,
          1
        ]
      },
      {
        "date" : 775007240.310361,
        "title" : "Untitled",
        "transform" : [
          0.9921968,
          -6.019066e-09,
          -0.12468144,
          0,
          -0.027716637,
          0.9749783,
          -0.22056504,
          0,
          0.121561706,
          0.22229962,
          0.96737045,
          0,
          0.014781302,
          0.2941156,
          0.34243968,
          1
        ]
      },
      {
        "date" : 775006901.87077,
        "title" : "Untitled",
        "transform" : [
          0.9965576,
          -1.0393713e-09,
          -0.08290279,
          0,
          -0.04842818,
          0.81164116,
          -0.5821454,
          0,
          0.06728731,
          0.5841563,
          0.80884725,
          0,
          -0.07123533,
          0.6685944,
          0.52710146,
          1
        ]
      },
      {
        "date" : 775006576.572135,
        "title" : "Untitled",
        "transform" : [
          0.999965,
          4.5712212e-11,
          0.008364853,
          0,
          0.0013355715,
          0.98717123,
          -0.1596591,
          0,
          -0.008257544,
          0.15966469,
          0.9871368,
          0,
          -0.024311721,
          0.5563947,
          0.7325001,
          1
        ]
      },
      {
        "date" : 775006573.841457,
        "title" : "Untitled",
        "transform" : [
          0.999965,
          4.5712212e-11,
          0.008364853,
          0,
          0.0013355715,
          0.98717123,
          -0.1596591,
          0,
          -0.008257544,
          0.15966469,
          0.9871368,
          0,
          0.16988748,
          0.40864322,
          0.72109395,
          1
        ]
      },
      {
        "date" : 775006572.388398,
        "title" : "Untitled",
        "transform" : [
          0.999965,
          -2.300743e-11,
          0.008364853,
          0,
          -0.0014370586,
          0.9851323,
          0.17179121,
          0,
          -0.008240488,
          -0.17179723,
          0.9850979,
          0,
          0.16910079,
          0.15095276,
          0.8151354,
          1
        ]
      },
      {
        "date" : 774999990.542589,
        "title" : "Untitled",
        "transform" : [
          0.999965,
          4.5946957e-10,
          0.008364853,
          0,
          0.0062896805,
          0.65925705,
          -0.7518913,
          0,
          -0.005514589,
          0.75191766,
          0.65923405,
          0,
          0.17344432,
          0.7734282,
          0.29589432,
          1
        ]
      }
    ],
    "0BF0F1EF-62A3-4D2D-ADF0-B76A0CC871B8" : [
      {
        "date" : 778621186.309782,
        "title" : "Untitled",
        "transform" : [
          0.9504727,
          -2.2828358e-08,
          -0.31080803,
          0,
          -0.03432249,
          0.9938839,
          -0.10496065,
          0,
          0.30890712,
          0.110429935,
          0.94465953,
          0,
          0.019003395,
          -0.016347265,
          0.059498467,
          1
        ]
      },
      {
        "date" : 778621086.545243,
        "title" : "Untitled",
        "transform" : [
          0.95089865,
          -2.2828358e-08,
          -0.30950248,
          0,
          -0.034178317,
          0.9938839,
          -0.105007686,
          0,
          0.30760956,
          0.110429935,
          0.94508284,
          0,
          0.029421953,
          -0.0032215528,
          0.0925567,
          1
        ]
      },
      {
        "date" : 778536237.181274,
        "title" : "Untitled",
        "transform" : [
          0.95089865,
          -2.2828358e-08,
          -0.30950248,
          0,
          -0.034178317,
          0.9938839,
          -0.105007686,
          0,
          0.30760956,
          0.110429935,
          0.94508284,
          0,
          0.014526103,
          -0.021841874,
          0.045696765,
          1
        ]
      },
      {
        "date" : 778530934.999524,
        "title" : "Untitled",
        "transform" : [
          0.95089865,
          -2.0965713e-08,
          -0.30950248,
          0,
          -0.03417832,
          0.9938839,
          -0.105007686,
          0,
          0.30760956,
          0.110429935,
          0.94508284,
          0,
          0.003601937,
          0.0013061925,
          0.013459644,
          1
        ]
      },
      {
        "date" : 778530832.397064,
        "title" : "Untitled",
        "transform" : [
          0.95089865,
          -2.0965713e-08,
          -0.30950248,
          0,
          -0.03417832,
          0.9938839,
          -0.105007686,
          0,
          0.30760956,
          0.110429935,
          0.94508284,
          0,
          0.0016067135,
          0.0005826503,
          0.006003934,
          1
        ]
      },
      {
        "date" : 778530815.090552,
        "title" : "Untitled",
        "transform" : [
          0.9508986,
          -2.3695122e-08,
          -0.3095025,
          0,
          -0.034178324,
          0.9938839,
          -0.105007686,
          0,
          0.30760956,
          0.11042994,
          0.9450827,
          0,
          0.004433275,
          0.0015682676,
          0.0158396,
          1
        ]
      },
      {
        "date" : 778530801.099573,
        "title" : "Untitled",
        "transform" : [
          0.9689154,
          -2.3695122e-08,
          -0.24739215,
          0,
          -0.02731948,
          0.9938839,
          -0.10699728,
          0,
          0.24587908,
          0.11042994,
          0.9629894,
          0,
          0.001307522,
          0.00060306676,
          0.0061884895,
          1
        ]
      },
      {
        "date" : 778202790.581685,
        "title" : "Untitled",
        "transform" : [
          0.9689154,
          -2.4512723e-08,
          -0.24739216,
          0,
          -0.02731948,
          0.9938839,
          -0.10699728,
          0,
          0.2458791,
          0.11042994,
          0.9629894,
          0,
          0.0107535785,
          0.008544307,
          0.043184116,
          1
        ]
      },
      {
        "date" : 778202371.756366,
        "title" : "Untitled",
        "transform" : [
          0.9689154,
          -2.4512723e-08,
          -0.24739216,
          0,
          -0.02731948,
          0.9938839,
          -0.10699728,
          0,
          0.2458791,
          0.11042994,
          0.9629894,
          0,
          0.011588823,
          -0.021841872,
          0.046455365,
          1
        ]
      },
      {
        "date" : 778199164.896981,
        "title" : "Untitled",
        "transform" : [
          0.9689154,
          -2.365866e-08,
          -0.24739216,
          0,
          -0.027319472,
          0.9938839,
          -0.10699728,
          0,
          0.24587913,
          0.11042996,
          0.96298945,
          0,
          0.0047961506,
          0.0059323283,
          0.014482618,
          1
        ]
      }
    ],
    "1E00A6D3-B2AD-456A-8952-2F8A7F4D726E" : [
      {
        "date" : 775507954.625517,
        "title" : "Untitled",
        "transform" : [
          0.9623889,
          4.167036e-08,
          -0.2716756,
          0,
          -0.022488607,
          0.9965681,
          -0.07966376,
          0,
          0.27074316,
          0.082777195,
          0.9590861,
          0,
          0.12382355,
          -0.03868395,
          0.3781985,
          1
        ]
      },
      {
        "date" : 775443854.787381,
        "title" : "Untitled",
        "transform" : [
          0.9623889,
          4.167036e-08,
          -0.2716756,
          0,
          -0.022488607,
          0.9965681,
          -0.07966376,
          0,
          0.27074313,
          0.08277719,
          0.959086,
          0,
          0.010307491,
          0.10677385,
          0.397689,
          1
        ]
      },
      {
        "date" : 775443830.917884,
        "title" : "Untitled",
        "transform" : [
          0.97385037,
          4.1897145e-08,
          -0.22719033,
          0,
          -0.014573391,
          0.99794054,
          -0.062468402,
          0,
          0.22672239,
          0.06414588,
          0.97184485,
          0,
          -0.011941509,
          0.09863435,
          0.39155102,
          1
        ]
      },
      {
        "date" : 775443812.4423,
        "title" : "Untitled",
        "transform" : [
          0.9369455,
          4.1514422e-08,
          -0.34947544,
          0,
          -0.05158762,
          0.989045,
          -0.13830642,
          0,
          0.3456469,
          0.14761427,
          0.92668134,
          0,
          0.009456009,
          0.113704056,
          0.3831532,
          1
        ]
      },
      {
        "date" : 775443789.61137,
        "title" : "Untitled",
        "transform" : [
          0.9803492,
          4.2650505e-08,
          -0.1972698,
          0,
          -0.00759452,
          0.9992587,
          -0.03774117,
          0,
          0.19712351,
          0.03849778,
          0.9796225,
          0,
          -0.06689593,
          0.05640838,
          0.41668826,
          1
        ]
      },
      {
        "date" : 775443785.279542,
        "title" : "Untitled",
        "transform" : [
          0.9824057,
          4.2918852e-08,
          -0.18675888,
          0,
          0.029271808,
          0.9876405,
          0.15397863,
          0,
          0.18445061,
          -0.1567362,
          0.9702637,
          0,
          -0.06787396,
          0.01655031,
          0.42300218,
          1
        ]
      },
      {
        "date" : 775443775.738513,
        "title" : "Untitled",
        "transform" : [
          0.99998885,
          4.120866e-08,
          0.0047403905,
          0,
          0.00033142217,
          0.99755174,
          -0.06993126,
          0,
          -0.0047288197,
          0.069932126,
          0.99754053,
          0,
          -0.10926175,
          0.06265165,
          0.39684358,
          1
        ]
      },
      {
        "date" : 775443766.559871,
        "title" : "Untitled",
        "transform" : [
          0.9999993,
          4.1171667e-08,
          0.0012484961,
          0,
          0.00030972276,
          0.9687236,
          -0.248142,
          0,
          -0.0012094902,
          0.24814227,
          0.9687228,
          0,
          -0.106108814,
          0.22230858,
          0.37102604,
          1
        ]
      },
      {
        "date" : 775442471.253803,
        "title" : "Untitled",
        "transform" : [
          0.98733014,
          4.117826e-08,
          -0.15867981,
          0,
          -0.011090329,
          0.99755466,
          -0.069005206,
          0,
          0.15829174,
          0.069890805,
          0.98491573,
          0,
          -0.022067135,
          0.13391687,
          0.4415152,
          1
        ]
      },
      {
        "date" : 775441971.78626,
        "title" : "Untitled",
        "transform" : [
          0.9957871,
          4.0628862e-08,
          -0.0916964,
          0,
          -0.0040102084,
          0.9990433,
          -0.043548435,
          0,
          0.09160864,
          0.043732747,
          0.9948343,
          0,
          -0.05150073,
          0.122542314,
          0.4423657,
          1
        ]
      }
    ],
    "50140C1A-33D9-489A-AA6C-AA2A6A0BB7E2" : [
      {
        "date" : 775441158.554237,
        "title" : "Untitled",
        "transform" : [
          0.08479027,
          1.2541349e-08,
          -0.9963988,
          0,
          -0.4126482,
          0.9102134,
          -0.035114992,
          0,
          0.90693563,
          0.4141396,
          0.077177204,
          0,
          0.272886,
          0.30260047,
          -0.030905481,
          1
        ]
      },
      {
        "date" : 775431216.938576,
        "title" : "Untitled",
        "transform" : [
          0.082427196,
          1.0636154e-08,
          -0.99659705,
          0,
          -0.024150347,
          0.9997064,
          -0.00199743,
          0,
          0.99630445,
          0.024232816,
          0.08240296,
          0,
          0.3325565,
          0.14435062,
          -0.023187997,
          1
        ]
      },
      {
        "date" : 775431209.095932,
        "title" : "Untitled",
        "transform" : [
          0.043366548,
          1.0816183e-08,
          -0.9990592,
          0,
          0.068518244,
          0.99764544,
          0.0029742098,
          0,
          0.9967069,
          -0.06858275,
          0.0432644,
          0,
          0.30175868,
          0.12258573,
          -0.03057248,
          1
        ]
      },
      {
        "date" : 775431199.12899,
        "title" : "Untitled",
        "transform" : [
          0.108628266,
          1.0764206e-08,
          -0.99408245,
          0,
          -0.13209783,
          0.9911316,
          -0.014434964,
          0,
          0.9852665,
          0.13288419,
          0.10766486,
          0,
          0.45204705,
          0.19618589,
          -0.015702419,
          1
        ]
      },
      {
        "date" : 775431195.061258,
        "title" : "Untitled",
        "transform" : [
          0.105958216,
          1.07642055e-08,
          -0.9943705,
          0,
          -0.13213612,
          0.9911316,
          -0.014080158,
          0,
          0.98555213,
          0.13288419,
          0.1050185,
          0,
          0.9561573,
          0.3068915,
          -0.010281816,
          1
        ]
      },
      {
        "date" : 775431188.805081,
        "title" : "Untitled",
        "transform" : [
          0.12290516,
          -1.4399311e-09,
          -0.9924184,
          0,
          -0.13187672,
          0.99113166,
          -0.016332172,
          0,
          0.98361725,
          0.1328841,
          0.12181522,
          0,
          -1.1352348,
          -1.5585399,
          1.398102,
          1
        ]
      },
      {
        "date" : 775431065.555576,
        "title" : "Untitled",
        "transform" : [
          0.12290516,
          -1.4399311e-09,
          -0.9924184,
          0,
          -0.13187672,
          0.99113166,
          -0.016332172,
          0,
          0.98361725,
          0.1328841,
          0.12181522,
          0,
          -1.4196191,
          1.3102379,
          0.56496644,
          1
        ]
      },
      {
        "date" : 775431061.662902,
        "title" : "Untitled",
        "transform" : [
          0.11590605,
          -1.4399311e-09,
          -0.9932602,
          0,
          -0.13198857,
          0.99113166,
          -0.015402101,
          0,
          0.9844515,
          0.13288409,
          0.11487817,
          0,
          2.405936,
          1.3170949,
          -0.25130916,
          1
        ]
      },
      {
        "date" : 775425408.485123,
        "title" : "Untitled",
        "transform" : [
          0.11590605,
          -1.4399311e-09,
          -0.9932602,
          0,
          -0.13198857,
          0.99113166,
          -0.015402101,
          0,
          0.9844515,
          0.13288409,
          0.11487817,
          0,
          2.2692761,
          2.1625175,
          -0.058116686,
          1
        ]
      },
      {
        "date" : 775425115.631914,
        "title" : "Untitled",
        "transform" : [
          0.114360005,
          -1.4399311e-09,
          -0.9934394,
          0,
          -0.13201238,
          0.99113166,
          -0.015196656,
          0,
          0.9846291,
          0.13288409,
          0.11334583,
          0,
          1.9590597,
          1.6665106,
          -0.032647595,
          1
        ]
      }
    ],
    "5B6DC157-54B8-419E-A4DD-438EA55C5EE0" : [
      {
        "date" : 768432636.633025,
        "title" : "Untitled",
        "transform" : [
          0.999928,
          -8.2424245e-10,
          0.011996894,
          0,
          0.0037286188,
          0.9504758,
          -0.3107763,
          0,
          -0.011402756,
          0.31079867,
          0.9504074,
          0,
          0.0073778443,
          0.41622308,
          1.361065,
          1
        ]
      },
      {
        "date" : 768432630.367083,
        "title" : "Untitled",
        "transform" : [
          1,
          0,
          0,
          0,
          0,
          0.7071069,
          -0.7071067,
          0,
          0,
          0.7071067,
          0.7071069,
          0,
          0.025385635,
          0.85220325,
          0.89362174,
          1
        ]
      },
      {
        "date" : 768432596.433384,
        "title" : "Untitled",
        "transform" : [
          1,
          0,
          -0,
          0,
          -0,
          0.7071069,
          -0.7071067,
          0,
          0,
          0.7071067,
          0.7071069,
          0,
          7.450581e-09,
          0.4263886,
          0.3194674,
          1
        ]
      }
    ],
    "6781A672-B455-4366-BC1E-B582C9EC0AE8" : [
      {
        "date" : 780282695.348689,
        "title" : "Untitled",
        "transform" : [
          -0.5765171,
          -2.2456042e-08,
          -0.8170851,
          0,
          -0.3054533,
          0.9274961,
          0.21552107,
          0,
          0.7578432,
          0.3738329,
          -0.5347174,
          0,
          0.244004,
          0.08239862,
          -0.1547036,
          1
        ]
      },
      {
        "date" : 778621165.048638,
        "title" : "Untitled",
        "transform" : [
          -0.5765171,
          -3.2460639e-09,
          -0.817085,
          0,
          -0.3054533,
          0.9274961,
          0.2155211,
          0,
          0.75784314,
          0.37383285,
          -0.53471744,
          0,
          0.2659658,
          0.15585744,
          -0.19794823,
          1
        ]
      },
      {
        "date" : 778621103.022928,
        "title" : "Untitled",
        "transform" : [
          -0.5765171,
          -3.2460639e-09,
          -0.817085,
          0,
          -0.3054533,
          0.9274961,
          0.2155211,
          0,
          0.75784314,
          0.37383285,
          -0.53471744,
          0,
          0.1844959,
          0.108115636,
          -0.13731329,
          1
        ]
      },
      {
        "date" : 778621078.213613,
        "title" : "Untitled",
        "transform" : [
          -0.5765171,
          -3.2460639e-09,
          -0.817085,
          0,
          -0.3054533,
          0.9274961,
          0.2155211,
          0,
          0.75784314,
          0.37383285,
          -0.53471744,
          0,
          0.21636225,
          0.1267895,
          -0.16103022,
          1
        ]
      },
      {
        "date" : 778621055.625309,
        "title" : "Untitled",
        "transform" : [
          -0.3245188,
          3.6439642e-09,
          0.9458792,
          0,
          0.21773222,
          0.97314566,
          0.07470108,
          0,
          -0.9204783,
          0.23019023,
          -0.31580406,
          0,
          -0.3248786,
          0.10117722,
          -0.10283784,
          1
        ]
      },
      {
        "date" : 778621045.594666,
        "title" : "Untitled",
        "transform" : [
          -0.69203067,
          3.0989393e-09,
          0.72186804,
          0,
          0.126673,
          0.9844831,
          0.12143715,
          0,
          -0.71066695,
          0.17547937,
          -0.68129253,
          0,
          -0.25525817,
          0.08199246,
          -0.23340753,
          1
        ]
      },
      {
        "date" : 775517124.931956,
        "title" : "Untitled",
        "transform" : [
          -0.69203067,
          3.0989393e-09,
          0.72186804,
          0,
          0.126673,
          0.9844831,
          0.12143715,
          0,
          -0.71066695,
          0.17547937,
          -0.68129253,
          0,
          -0.1426051,
          0.045806736,
          -0.13039781,
          1
        ]
      },
      {
        "date" : 775178890.968447,
        "title" : "Untitled",
        "transform" : [
          -0.69203067,
          3.0989393e-09,
          0.72186804,
          0,
          0.126673,
          0.9844831,
          0.12143715,
          0,
          -0.710667,
          0.17547938,
          -0.6812926,
          0,
          -0.12837656,
          0.058024496,
          -0.14209293,
          1
        ]
      },
      {
        "date" : 775178880.646679,
        "title" : "Untitled",
        "transform" : [
          -0.8078188,
          -6.0945027e-10,
          0.589431,
          0,
          -0.20438623,
          0.937957,
          -0.28011256,
          0,
          -0.5528609,
          -0.34675178,
          -0.7576992,
          0,
          -0.103321254,
          -0.04659151,
          -0.16489916,
          1
        ]
      },
      {
        "date" : 775178774.293003,
        "title" : "Untitled",
        "transform" : [
          -0.8078188,
          -6.0945027e-10,
          0.589431,
          0,
          -0.20438623,
          0.937957,
          -0.28011256,
          0,
          -0.5528609,
          -0.34675178,
          -0.7576992,
          0,
          -0.10195353,
          -0.061008383,
          -0.15929939,
          1
        ]
      }
    ],
    "6BB4602C-B43F-424C-B86F-7D40B9A712DD" : [
      {
        "date" : 775597473.549914,
        "title" : "Untitled",
        "transform" : [
          1,
          0,
          -0,
          0,
          -0,
          0.7071069,
          -0.7071067,
          0,
          0,
          0.7071067,
          0.7071069,
          0,
          0,
          0.26700833,
          0.2608905,
          1
        ]
      },
      {
        "date" : 775597016.263106,
        "title" : "Untitled",
        "transform" : [
          1,
          0,
          0,
          0,
          0,
          0.7071069,
          -0.70710677,
          0,
          0,
          0.70710677,
          0.7071069,
          0,
          -0.033032052,
          0.27866653,
          0.36572567,
          1
        ]
      },
      {
        "date" : 775596990.815576,
        "title" : "Untitled",
        "transform" : [
          1,
          0,
          0,
          0,
          0,
          0.7071069,
          -0.70710677,
          0,
          0,
          0.70710677,
          0.7071069,
          0,
          0,
          0.60669416,
          0.60669446,
          1
        ]
      },
      {
        "date" : 775596960.911088,
        "title" : "Untitled",
        "transform" : [
          1,
          0,
          0,
          0,
          0,
          0.7071069,
          -0.70710677,
          0,
          0,
          0.70710677,
          0.7071069,
          0,
          0,
          1.004625,
          1.0046252,
          1
        ]
      }
    ],
    "7D34384A-C203-4702-84AC-CB771FC0710C" : [
      {
        "date" : 769111665.995632,
        "title" : "Untitled",
        "transform" : [
          1,
          -1.2241053e-10,
          0.00019542685,
          0,
          5.5708315e-05,
          0.95852077,
          -0.28502268,
          0,
          -0.00018734475,
          0.28502262,
          0.95852077,
          0,
          0.07187663,
          0.29497775,
          1.2561172,
          1
        ]
      },
      {
        "date" : 769111661.620681,
        "title" : "Untitled",
        "transform" : [
          0.9771338,
          -1.2236923e-10,
          0.2126256,
          0,
          0.06121969,
          0.95765376,
          -0.28133875,
          0,
          -0.2036217,
          0.28792238,
          0.9357557,
          0,
          -0.19641568,
          0.29877818,
          1.2418379,
          1
        ]
      },
      {
        "date" : 769111655.181878,
        "title" : "Untitled",
        "transform" : [
          0.9974477,
          2.395133e-10,
          0.07140118,
          0,
          0.012132944,
          0.9854568,
          -0.16949259,
          0,
          -0.070362784,
          0.16992623,
          0.98294157,
          0,
          -0.019607864,
          0.14469722,
          1.2840122,
          1
        ]
      },
      {
        "date" : 768792455.311836,
        "title" : "Untitled",
        "transform" : [
          0.9999508,
          0,
          -0.00991805,
          0,
          -0.00701312,
          0.7071068,
          -0.70707196,
          0,
          0.0070131207,
          0.7071067,
          0.7070721,
          0,
          0.08167998,
          0.8575797,
          0.96327287,
          1
        ]
      },
      {
        "date" : 768792453.343188,
        "title" : "Untitled",
        "transform" : [
          0.9999508,
          0,
          -0.00991805,
          0,
          -0.00701312,
          0.7071068,
          -0.70707196,
          0,
          0.0070131207,
          0.7071067,
          0.7070721,
          0,
          -0.018504985,
          0.5152029,
          0.52793604,
          1
        ]
      },
      {
        "date" : 768792447.08634,
        "title" : "Untitled",
        "transform" : [
          0.9999508,
          0,
          -0.00991805,
          0,
          -0.00701312,
          0.7071068,
          -0.70707196,
          0,
          0.0070131207,
          0.7071067,
          0.7070721,
          0,
          -0.06492109,
          0.3565783,
          0.32624274,
          1
        ]
      },
      {
        "date" : 768792438.21832,
        "title" : "Untitled",
        "transform" : [
          0.9999508,
          0,
          -0.00991805,
          0,
          -0.00701312,
          0.7071068,
          -0.70707196,
          0,
          0.0070131207,
          0.7071067,
          0.7070721,
          0,
          -0.06633347,
          0.3930114,
          0.18384312,
          1
        ]
      },
      {
        "date" : 768792416.04801,
        "title" : "Untitled",
        "transform" : [
          0.9999508,
          0,
          -0.00991805,
          0,
          -0.00701312,
          0.7071068,
          -0.70707196,
          0,
          0.0070131207,
          0.7071067,
          0.7070721,
          0,
          0.058596067,
          0.55354756,
          0.42349508,
          1
        ]
      },
      {
        "date" : 768792401.631979,
        "title" : "Untitled",
        "transform" : [
          0.9999821,
          0,
          -0.0059814095,
          0,
          -0.004229495,
          0.7071068,
          -0.7070941,
          0,
          0.004229496,
          0.70710677,
          0.70709425,
          0,
          0.07142639,
          0.6964703,
          0.62171835,
          1
        ]
      },
      {
        "date" : 768791797.209702,
        "title" : "Untitled",
        "transform" : [
          0.9999821,
          0,
          -0.0059814095,
          0,
          -0.004229495,
          0.7071068,
          -0.7070941,
          0,
          0.004229496,
          0.70710677,
          0.70709425,
          0,
          -0.027555337,
          0.8612394,
          1.1399751,
          1
        ]
      }
    ],
    "91859159-2B0B-484C-99D7-1DC004F4755F" : [
      {
        "date" : 775423934.29086,
        "title" : "Untitled",
        "transform" : [
          1,
          0,
          0,
          0,
          0,
          0.7071069,
          -0.70710677,
          0,
          0,
          0.70710677,
          0.7071069,
          0,
          0,
          0.27608174,
          0.27608177,
          1
        ]
      },
      {
        "date" : 775423925.112171,
        "title" : "Untitled",
        "transform" : [
          1,
          0,
          0,
          0,
          0,
          0.7071069,
          -0.70710677,
          0,
          0,
          0.70710677,
          0.7071069,
          0,
          0,
          0.82496864,
          0.82496876,
          1
        ]
      }
    ],
    "AB018910-E0C6-4E1D-83F1-0DA9FE308C11" : [
      {
        "date" : 768432568.08141,
        "title" : "Untitled",
        "transform" : [
          0.998477,
          2.1173058e-10,
          0.055171333,
          0,
          0.017684413,
          0.9472363,
          -0.32004803,
          0,
          -0.052260287,
          0.32053623,
          0.94579345,
          0,
          -0.07036412,
          0.7569094,
          1.5633638,
          1
        ]
      },
      {
        "date" : 768432522.732782,
        "title" : "Untitled",
        "transform" : [
          0.999429,
          6.350767e-11,
          -0.033790376,
          0,
          -0.0068674507,
          0.9791296,
          -0.20312083,
          0,
          0.033085156,
          0.20323688,
          0.97857046,
          0,
          0.07157674,
          0.56144714,
          1.6436616,
          1
        ]
      },
      {
        "date" : 768432499.765401,
        "title" : "Untitled",
        "transform" : [
          0.999429,
          6.350767e-11,
          -0.033790376,
          0,
          -0.0068674507,
          0.9791296,
          -0.20312083,
          0,
          0.033085156,
          0.20323688,
          0.97857046,
          0,
          0.022326812,
          0.17513128,
          0.5127046,
          1
        ]
      },
      {
        "date" : 768432498.181695,
        "title" : "Untitled",
        "transform" : [
          0.999429,
          6.350767e-11,
          -0.033790376,
          0,
          -0.0068674507,
          0.9791296,
          -0.20312083,
          0,
          0.033085156,
          0.20323688,
          0.97857046,
          0,
          0.02232686,
          0.17513132,
          0.51270473,
          1
        ]
      },
      {
        "date" : 768432406.296356,
        "title" : "Untitled",
        "transform" : [
          0.999429,
          1.12619025e-10,
          -0.033790376,
          0,
          -0.0068674525,
          0.9791296,
          -0.20312083,
          0,
          0.03308516,
          0.20323694,
          0.97857046,
          0,
          0.041828975,
          0.28307086,
          0.79273903,
          1
        ]
      },
      {
        "date" : 768432396.078464,
        "title" : "Untitled",
        "transform" : [
          0.999429,
          1.12619025e-10,
          -0.033790376,
          0,
          -0.0068674525,
          0.9791296,
          -0.20312083,
          0,
          0.03308516,
          0.20323694,
          0.97857046,
          0,
          0.0376161,
          0.23106979,
          1.1125836,
          1
        ]
      },
      {
        "date" : 768432378.428477,
        "title" : "Untitled",
        "transform" : [
          0.9999682,
          0,
          -0.007980262,
          0,
          -0.0056428974,
          0.7071069,
          -0.70708424,
          0,
          0.0056428984,
          0.70710677,
          0.70708436,
          0,
          0.006415681,
          0.8039435,
          0.80391806,
          1
        ]
      }
    ],
    "AF09ED6F-1707-48FD-8720-65B998362C09" : [
      {
        "date" : 768432283.060813,
        "title" : "Untitled",
        "transform" : [
          0.9999834,
          1.1945461e-10,
          0.0057628634,
          0,
          0.00012197232,
          0.99977595,
          -0.021165006,
          0,
          -0.0057615726,
          0.021165296,
          0.9997594,
          0,
          0.0075687068,
          0.009367377,
          0.44487602,
          1
        ]
      },
      {
        "date" : 768341333.809426,
        "title" : "Untitled",
        "transform" : [
          0.9999834,
          1.1945461e-10,
          0.0057628634,
          0,
          0.00012197232,
          0.99977595,
          -0.021165006,
          0,
          -0.0057615726,
          0.021165296,
          0.9997594,
          0,
          -0.00043735188,
          0.003650248,
          0.44495088,
          1
        ]
      },
      {
        "date" : 768341325.890928,
        "title" : "Untitled",
        "transform" : [
          0.9999834,
          1.1945461e-10,
          0.0057628634,
          0,
          0.00012197232,
          0.99977595,
          -0.021165006,
          0,
          -0.005761573,
          0.021165298,
          0.9997595,
          0,
          -0.012545916,
          0.076339975,
          0.44334233,
          1
        ]
      },
      {
        "date" : 768341318.542999,
        "title" : "Untitled",
        "transform" : [
          0.99996454,
          1.1945461e-10,
          0.008417825,
          0,
          0.00017816553,
          0.99977595,
          -0.021164607,
          0,
          -0.00841594,
          0.021165298,
          0.99974066,
          0,
          -0.17263497,
          -0.08577207,
          2.165046,
          1
        ]
      },
      {
        "date" : 768251962.403633,
        "title" : "Untitled",
        "transform" : [
          0.99996454,
          1.1945461e-10,
          0.008417825,
          0,
          0.00017816553,
          0.99977595,
          -0.021164607,
          0,
          -0.00841594,
          0.021165298,
          0.99974066,
          0,
          -0.14065091,
          0.0688397,
          1.6252179,
          1
        ]
      },
      {
        "date" : 768251957.937927,
        "title" : "Untitled",
        "transform" : [
          0.9999994,
          0,
          0.0010681144,
          0,
          0.0007552708,
          0.7071068,
          -0.7071063,
          0,
          -0.00075527106,
          0.70710677,
          0.7071065,
          0,
          -0.11740405,
          3.86294,
          2.2364972,
          1
        ]
      },
      {
        "date" : 768251955.054731,
        "title" : "Untitled",
        "transform" : [
          0.9999994,
          0,
          0.0010681144,
          0,
          0.0007552708,
          0.7071068,
          -0.7071063,
          0,
          -0.00075527106,
          0.70710677,
          0.7071065,
          0,
          -0.1213281,
          7.5368195,
          5.9103765,
          1
        ]
      },
      {
        "date" : 768251887.721898,
        "title" : "Untitled",
        "transform" : [
          0.9999994,
          0,
          0.0010681144,
          0,
          0.00075527094,
          0.7071069,
          -0.70710635,
          0,
          -0.00075527106,
          0.70710677,
          0.7071065,
          0,
          -0.011254485,
          10.536778,
          10.536773,
          1
        ]
      }
    ],
    "B11FE172-0442-4008-86A3-DDDC6936BA18" : [
      {
        "date" : 768792497.401435,
        "title" : "Untitled",
        "transform" : [
          0.9999487,
          0,
          -0.010131663,
          0,
          -0.0071641672,
          0.7071069,
          -0.70707047,
          0,
          0.0071641686,
          0.70710677,
          0.7070706,
          0,
          -0.09846045,
          0.4463391,
          0.3791164,
          1
        ]
      },
      {
        "date" : 768792494.402539,
        "title" : "Untitled",
        "transform" : [
          0.9999487,
          0,
          -0.010131663,
          0,
          -0.0071641672,
          0.7071069,
          -0.70707047,
          0,
          0.0071641686,
          0.70710677,
          0.7070706,
          0,
          0.17607534,
          0.59148335,
          0.5567513,
          1
        ]
      },
      {
        "date" : 768791866.259367,
        "title" : "Untitled",
        "transform" : [
          0.9999487,
          0,
          -0.010131663,
          0,
          -0.0071641672,
          0.7071069,
          -0.70707047,
          0,
          0.0071641686,
          0.70710677,
          0.7070706,
          0,
          0.40947348,
          0.71705985,
          0.6947167,
          1
        ]
      },
      {
        "date" : 768791861.272597,
        "title" : "Untitled",
        "transform" : [
          1,
          0,
          0,
          0,
          0,
          0.7071069,
          -0.70710677,
          0,
          0,
          0.70710677,
          0.7071069,
          0,
          0.06259346,
          0.90353763,
          1.1222348,
          1
        ]
      },
      {
        "date" : 768791858.725732,
        "title" : "Untitled",
        "transform" : [
          1,
          0,
          0,
          0,
          0,
          0.7071069,
          -0.70710677,
          0,
          0,
          0.70710677,
          0.7071069,
          0,
          0,
          1.0128863,
          1.0128864,
          1
        ]
      },
      {
        "date" : 768791810.208999,
        "title" : "Untitled",
        "transform" : [
          1,
          0,
          0,
          0,
          0,
          0.7071069,
          -0.70710677,
          0,
          0,
          0.70710677,
          0.7071069,
          0,
          0,
          0.7023735,
          0.70237356,
          1
        ]
      }
    ],
    "D66134B1-3681-4A8E-AFE5-29F257229F3B" : [
      {
